1.694257648079363493e-02 8.477769729735842516e-03 -1.511212482499895674e-04 2.971805185684711000e-05 -1.673904251667018969e-03 -6.540265962253710708e-03 4.267622566660488059e-03 1.437399382607814366e-03 1.331693174713672679e-03
8.477769729735842516e-03 1.978248472486347428e-02 -3.468826803625168305e-04 9.082907592245823654e-04 1.538971970542304599e-02 -1.892479485787957813e-02 1.042482549900588910e-02 3.979347542132064333e-03 5.182287759824482054e-05
-1.511212482499895674e-04 -3.468826803625168305e-04 8.207861195796395371e-05 -3.588834322538167509e-05 -3.763473835527219252e-05 1.098988440355498094e-04 -2.316340566560630250e-05 -1.918115752903297889e-04 2.458532767367755247e-06
2.971805185684711000e-05 9.082907592245823654e-04 -3.588834322538167509e-05 1.937298764186021216e-04 4.930252779696608694e-04 -4.755281189224684624e-04 1.412545865799107289e-04 4.480173010200086598e-04 -4.867665235405862307e-05
-1.673904251667018969e-03 1.538971970542304599e-02 -3.763473835527219252e-05 4.930252779696608694e-04 3.950000810977218751e-02 -3.782394235549250278e-02 1.855201721193702746e-02 5.937424011867263856e-04 -4.981691390376971748e-04
-6.540265962253710708e-03 -1.892479485787957813e-02 1.098988440355498094e-04 -4.755281189224684624e-04 -3.782394235549250278e-02 4.272854320867652822e-02 -2.278380207154164297e-02 -1.288132321758828341e-03 -6.082104096400473394e-04
4.267622566660488059e-03 1.042482549900588910e-02 -2.316340566560630250e-05 1.412545865799107289e-04 1.855201721193702746e-02 -2.278380207154164297e-02 1.383553081495582544e-02 2.305748981927473835e-04 5.358520822301946233e-04
1.437399382607814366e-03 3.979347542132064333e-03 -1.918115752903297889e-04 4.480173010200086598e-04 5.937424011867263856e-04 -1.288132321758828341e-03 2.305748981927473835e-04 2.309297706538966741e-03 -5.678096845899167352e-05
1.331693174713672679e-03 5.182287759824482054e-05 2.458532767367755247e-06 -4.867665235405862307e-05 -4.981691390376971748e-04 -6.082104096400473394e-04 5.358520822301946233e-04 -5.678096845899167352e-05 5.462637594568065360e-04
